7.309905360011663689e-01
4.971064796949858366e-01
4.643265967180851272e-01
8.233712888320177115e-01
1.282632641089425540e+00
1.273272457290932191e+00
2.384068965395453432e+00
2.339726425547702604e+00
2.256107252564219401e+00
2.257131118150559779e+00
2.128700038110577619e+00
2.164464904077551655e+00
1.078631769155785847e+00
9.139932177932490465e-01
7.108013306320790647e-01
6.072663978262307083e-01
8.134300648126648881e-01
2.355781557867284992e-01
9.569707251311653229e-01
2.742713933631418244e-01
2.323591361862854532e-01
1.447042393501180024e-01
2.857618683216402444e-01
8.996241124805360867e-01
1.520190206343154937e+00
1.020818310882107421e-01
1.117586820877239484e+00
8.994058236876769641e-01
8.848648214553024305e-01
8.176999726750771025e-01
1.333813719993341085e+00
8.538882143293524685e-01
6.981668160971697956e-01
1.090166558222190746e-01
2.309417400159725908e-01
1.050072844313645115e+00
1.524993580557202147e-02
7.764473842064572029e-01
1.447180428788193751e+00
6.032689674078696163e-01
1.169951905931848474e-01
1.448317413160291167e+00
2.610297671405514275e-01
3.371971452253002544e-01
